6.371000000000000000e+03 1.449999999999999956e+00 0.000000000000000000e+00
6.368000000000000000e+03 1.449999999999999956e+00 0.000000000000000000e+00
6.368000000000000000e+03 5.799999999999999822e+00 3.200000000000000178e+00
6.356000000000000000e+03 5.799999999999999822e+00 3.200000000000000178e+00
6.356000000000000000e+03 6.799999999999999822e+00 3.899999999999999911e+00
6.346600000000000364e+03 6.799999999999999822e+00 3.899999999999999911e+00
6.346600000000000364e+03 8.022059999999999746e+00 4.396020000000000039e+00
6.328067000000000007e+03 8.001060000000000727e+00 4.400290000000000035e+00
6.309533000000000357e+03 7.980060000000000819e+00 4.404560000000000031e+00
6.291000000000000000e+03 7.959060000000000024e+00 4.408830000000000027e+00
6.291000000000000000e+03 7.959060000000000024e+00 4.408830000000000027e+00
6.277000000000000000e+03 7.943200000000000038e+00 4.412060000000000315e+00
6.263000000000000000e+03 7.927340000000000053e+00 4.415280000000000094e+00
6.249000000000000000e+03 7.911479999999999180e+00 4.418510000000000382e+00
6.235000000000000000e+03 7.895620000000000083e+00 4.421729999999999272e+00
6.221000000000000000e+03 7.879760000000000097e+00 4.424960000000000448e+00
6.207000000000000000e+03 7.863899999999999224e+00 4.428180000000000227e+00
6.193000000000000000e+03 7.848040000000000127e+00 4.431409999999999627e+00
6.179000000000000000e+03 7.832169999999999632e+00 4.434630000000000294e+00
6.165000000000000000e+03 7.816310000000000535e+00 4.437859999999999694e+00
6.151000000000000000e+03 7.800449999999999662e+00 4.441089999999999982e+00
6.151000000000000000e+03 8.558950000000001168e+00 4.643899999999999473e+00
6.137154000000000451e+03 8.585589999999999833e+00 4.653590000000000337e+00
6.123307999999999993e+03 8.612219999999998876e+00 4.663279999999999426e+00
6.109462000000000444e+03 8.638860000000001094e+00 4.672979999999999912e+00
6.095614999999999782e+03 8.665499999999999758e+00 4.682669999999999888e+00
6.081769000000000233e+03 8.692140000000000200e+00 4.692359999999999864e+00
6.067922999999999774e+03 8.718780000000000641e+00 4.702049999999999841e+00
6.054077000000000226e+03 8.745419999999999305e+00 4.711750000000000327e+00
6.040230999999999767e+03 8.772050000000000125e+00 4.721439999999999415e+00
6.026385000000000218e+03 8.798690000000000566e+00 4.731130000000000280e+00
6.012537999999999556e+03 8.825329999999999231e+00 4.740819999999999368e+00
5.998692000000000007e+03 8.851969999999999672e+00 4.750520000000000742e+00
5.984845999999999549e+03 8.878610000000000113e+00 4.760209999999999830e+00
5.971000000000000000e+03 8.905239999999999156e+00 4.769899999999999807e+00
5.971000000000000000e+03 9.133919999999999817e+00 4.932489999999999597e+00
5.957667000000000371e+03 9.202180000000000248e+00 4.971379999999999910e+00
5.944332999999999629e+03 9.270440000000000680e+00 5.010279999999999845e+00
5.931000000000000000e+03 9.338700000000001111e+00 5.049180000000000668e+00
5.917667000000000371e+03 9.406959999999999766e+00 5.088070000000000093e+00
5.904332999999999629e+03 9.475220000000000198e+00 5.126970000000000027e+00
5.891000000000000000e+03 9.543479999999998853e+00 5.165859999999999452e+00
5.877667000000000371e+03 9.611739999999999284e+00 5.204760000000000275e+00
5.864332999999999629e+03 9.679999999999999716e+00 5.243660000000000210e+00
5.851000000000000000e+03 9.748260000000000147e+00 5.282550000000000523e+00
5.837667000000000371e+03 9.816520000000000579e+00 5.321449999999999569e+00
5.824332999999999629e+03 9.884780000000001010e+00 5.360350000000000392e+00
5.811000000000000000e+03 9.953040000000001442e+00 5.399239999999999817e+00
5.797667000000000371e+03 1.002130000000000010e+01 5.438140000000000640e+00
5.784332999999999629e+03 1.008955999999999875e+01 5.477030000000000065e+00
5.771000000000000000e+03 1.015781999999999918e+01 5.515930000000000000e+00
5.771000000000000000e+03 1.015775999999999968e+01 5.516020000000000145e+00
5.753500000000000000e+03 1.018486000000000047e+01 5.529569999999999652e+00
5.736000000000000000e+03 1.021196999999999910e+01 5.543109999999999538e+00
5.718500000000000000e+03 1.023906999999999989e+01 5.556659999999999933e+00
5.701000000000000000e+03 1.026617000000000068e+01 5.570210000000000328e+00
5.701000000000000000e+03 1.075131999999999977e+01 5.945129999999999804e+00
5.686570999999999913e+03 1.079626000000000019e+01 5.987310000000000798e+00
5.672143000000000029e+03 1.084117999999999959e+01 6.029499999999999638e+00
5.657713999999999942e+03 1.088608999999999938e+01 6.071699999999999875e+00
5.643286000000000058e+03 1.093098999999999954e+01 6.113899999999999224e+00
5.628856999999999971e+03 1.097587000000000046e+01 6.156109999999999971e+00
5.614429000000000087e+03 1.102073999999999998e+01 6.198319999999999830e+00
5.600000000000000000e+03 1.106559999999999988e+01 6.240540000000000198e+00
5.600000000000000000e+03 1.106559000000000026e+01 6.240390000000000548e+00
5.587207999999999629e+03 1.108903000000000105e+01 6.249590000000000423e+00
5.574416000000000167e+03 1.111233000000000004e+01 6.258739999999999526e+00
5.561622999999999593e+03 1.113546999999999976e+01 6.267830000000000013e+00
5.548831000000000131e+03 1.115846999999999944e+01 6.276860000000000106e+00
5.536038999999999760e+03 1.118131999999999948e+01 6.285840000000000316e+00
5.523247000000000298e+03 1.120401999999999987e+01 6.294770000000000643e+00
5.510454999999999927e+03 1.122658999999999985e+01 6.303640000000000576e+00
5.497662000000000262e+03 1.124900000000000055e+01 6.312450000000000117e+00
5.484869999999999891e+03 1.127128000000000085e+01 6.321220000000000283e+00
5.472078000000000429e+03 1.129341999999999935e+01 6.329930000000000057e+00
5.459286000000000058e+03 1.131541999999999959e+01 6.338589999999999947e+00
5.446493999999999687e+03 1.133729000000000120e+01 6.347199999999999953e+00
5.433701000000000022e+03 1.135900999999999961e+01 6.355760000000000076e+00
5.420908999999999651e+03 1.138061000000000078e+01 6.364270000000000316e+00
5.408117000000000189e+03 1.140207000000000015e+01 6.372720000000000162e+00
5.395324999999999818e+03 1.142339999999999911e+01 6.381129999999999747e+00
5.382532000000000153e+03 1.144458999999999982e+01 6.389489999999999448e+00
5.369739999999999782e+03 1.146565999999999974e+01 6.397800000000000153e+00
5.356948000000000320e+03 1.148660000000000103e+01 6.406060000000000088e+00
5.344155999999999949e+03 1.150741000000000014e+01 6.414270000000000138e+00
5.331363999999999578e+03 1.152810000000000024e+01 6.422430000000000305e+00
5.318570999999999913e+03 1.154866999999999955e+01 6.430550000000000210e+00
5.305779000000000451e+03 1.156911000000000023e+01 6.438620000000000232e+00
5.292987000000000080e+03 1.158943000000000012e+01 6.446649999999999991e+00
5.280194999999999709e+03 1.160962000000000138e+01 6.454629999999999868e+00
5.267403000000000247e+03 1.162970000000000148e+01 6.462560000000000748e+00
5.254609999999999673e+03 1.164967000000000041e+01 6.470449999999999591e+00
5.241818000000000211e+03 1.166951000000000072e+01 6.478299999999999947e+00
5.229025999999999840e+03 1.168923999999999985e+01 6.486100000000000421e+00
5.216234000000000378e+03 1.170886000000000138e+01 6.493859999999999744e+00
5.203442000000000007e+03 1.172836000000000034e+01 6.501570000000000071e+00
5.190649000000000342e+03 1.174775999999999954e+01 6.509249999999999758e+00
5.177856999999999971e+03 1.176704000000000150e+01 6.516880000000000450e+00
5.165064999999999600e+03 1.178622000000000014e+01 6.524469999999999992e+00
5.152273000000000138e+03 1.180527999999999977e+01 6.532010000000000538e+00
5.139480999999999767e+03 1.182423999999999964e+01 6.539520000000000444e+00
5.126688000000000102e+03 1.184309999999999974e+01 6.546990000000000087e+00
5.113895999999999731e+03 1.186185000000000045e+01 6.554409999999999847e+00
5.101104000000000269e+03 1.188049999999999962e+01 6.561799999999999855e+00
5.088311999999999898e+03 1.189904999999999902e+01 6.569149999999999601e+00
5.075519000000000233e+03 1.191750000000000043e+01 6.576459999999999972e+00
5.062726999999999862e+03 1.193585000000000029e+01 6.583729999999999194e+00
5.049935000000000400e+03 1.195411000000000001e+01 6.590970000000000439e+00
5.037143000000000029e+03 1.197226999999999997e+01 6.598160000000000025e+00
5.024350999999999658e+03 1.199033000000000015e+01 6.605319999999999858e+00
5.011557999999999993e+03 1.200830999999999982e+01 6.612449999999999939e+00
4.998765999999999622e+03 1.202618999999999971e+01 6.619539999999999758e+00
4.985974000000000160e+03 1.204396999999999984e+01 6.626590000000000202e+00
4.973181999999999789e+03 1.206166999999999945e+01 6.633610000000000007e+00
4.960390000000000327e+03 1.207929000000000030e+01 6.640590000000000437e+00
4.947596999999999753e+03 1.209680999999999962e+01 6.647540000000000227e+00
4.934805000000000291e+03 1.211425000000000018e+01 6.654460000000000264e+00
4.922012999999999920e+03 1.213161000000000023e+01 6.661340000000000039e+00
4.909220999999999549e+03 1.214887999999999835e+01 6.668189999999999173e+00
4.896429000000000087e+03 1.216606999999999950e+01 6.675010000000000332e+00
4.883636000000000422e+03 1.218318999999999974e+01 6.681799999999999962e+00
4.870844000000000051e+03 1.220021999999999984e+01 6.688550000000000217e+00
4.858051999999999680e+03 1.221716999999999942e+01 6.695279999999999454e+00
4.845260000000000218e+03 1.223404999999999987e+01 6.701970000000000205e+00
4.832467999999999847e+03 1.225086000000000119e+01 6.708639999999999937e+00
4.819675000000000182e+03 1.226759000000000022e+01 6.715270000000000294e+00
4.806882999999999811e+03 1.228424000000000049e+01 6.721880000000000521e+00
4.794091000000000349e+03 1.230082999999999949e+01 6.728460000000000107e+00
4.781298999999999978e+03 1.231735000000000113e+01 6.735009999999999941e+00
4.768506000000000313e+03 1.233380000000000010e+01 6.741530000000000022e+00
4.755713999999999942e+03 1.235017999999999994e+01 6.748020000000000351e+00
4.742921999999999571e+03 1.236649000000000065e+01 6.754489999999999661e+00
4.730130000000000109e+03 1.238274000000000008e+01 6.760930000000000106e+00
4.717337999999999738e+03 1.239893000000000001e+01 6.767350000000000421e+00
4.704545000000000073e+03 1.241504999999999903e+01 6.773740000000000094e+00
4.691752999999999702e+03 1.243111999999999995e+01 6.780100000000000016e+00
4.678961000000000240e+03 1.244711999999999996e+01 6.786439999999999806e+00
4.666168999999999869e+03 1.246307000000000009e+01 6.792760000000000353e+00
4.653377000000000407e+03 1.247895999999999894e+01 6.799050000000000260e+00
4.640583999999999833e+03 1.249479000000000006e+01 6.805320000000000036e+00
4.627792000000000371e+03 1.251056999999999952e+01 6.811569999999999681e+00
4.615000000000000000e+03 1.252629999999999910e+01 6.817800000000000082e+00
4.602207999999999629e+03 1.254197999999999880e+01 6.823999999999999844e+00
4.589416000000000167e+03 1.255760000000000076e+01 6.830180000000000362e+00
4.576622999999999593e+03 1.257318000000000069e+01 6.836339999999999861e+00
4.563831000000000131e+03 1.258870000000000111e+01 6.842479999999999229e+00
4.551038999999999760e+03 1.260417999999999950e+01 6.848600000000000243e+00
4.538247000000000298e+03 1.261962000000000117e+01 6.854700000000000237e+00
4.525454999999999927e+03 1.263500999999999941e+01 6.860789999999999722e+00
4.512662000000000262e+03 1.265036000000000094e+01 6.866850000000000342e+00
4.499869999999999891e+03 1.266567000000000043e+01 6.872889999999999944e+00
4.487078000000000429e+03 1.268093999999999966e+01 6.878919999999999924e+00
4.474286000000000058e+03 1.269617000000000040e+01 6.884930000000000661e+00
4.461493999999999687e+03 1.271136000000000088e+01 6.890920000000000378e+00
4.448701000000000022e+03 1.272651000000000110e+01 6.896899999999999586e+00
4.435908999999999651e+03 1.274164000000000030e+01 6.902859999999999552e+00
4.423117000000000189e+03 1.275671999999999962e+01 6.908810000000000784e+00
4.410324999999999818e+03 1.277178000000000146e+01 6.914740000000000109e+00
4.397532000000000153e+03 1.278679999999999950e+01 6.920649999999999302e+00
4.384739999999999782e+03 1.280180000000000007e+01 6.926549999999999763e+00
4.371948000000000320e+03 1.281676000000000037e+01 6.932439999999999714e+00
4.359155999999999949e+03 1.283170000000000144e+01 6.938320000000000043e+00
4.346363999999999578e+03 1.284661000000000008e+01 6.944180000000000241e+00
4.333570999999999913e+03 1.286149999999999949e+01 6.950029999999999930e+00
4.320779000000000451e+03 1.287636000000000003e+01 6.955869999999999997e+00
4.307987000000000080e+03 1.289120999999999917e+01 6.961689999999999934e+00
4.295194999999999709e+03 1.290603000000000122e+01 6.967509999999999870e+00
4.282403000000000247e+03 1.292083000000000048e+01 6.973310000000000564e+00
4.269609999999999673e+03 1.293562000000000012e+01 6.979109999999999481e+00
4.256818000000000211e+03 1.295038999999999874e+01 6.984890000000000043e+00
4.244025999999999840e+03 1.296513999999999989e+01 6.990669999999999717e+00
4.231234000000000378e+03 1.297987999999999964e+01 6.996430000000000149e+00
4.218442000000000007e+03 1.299460000000000015e+01 7.002189999999999692e+00
4.205649000000000342e+03 1.300931999999999888e+01 7.007939999999999614e+00
4.192856999999999971e+03 1.302402000000000015e+01 7.013689999999999536e+00
4.180064999999999600e+03 1.303870999999999825e+01 7.019420000000000215e+00
4.167273000000000138e+03 1.305339999999999989e+01 7.025150000000000006e+00
4.154480999999999767e+03 1.306808000000000014e+01 7.030879999999999797e+00
4.141688000000000102e+03 1.308276000000000039e+01 7.036590000000000344e+00
4.128895999999999731e+03 1.309743000000000102e+01 7.042310000000000514e+00
4.116104000000000269e+03 1.311209999999999987e+01 7.048020000000000174e+00
4.103311999999999898e+03 1.312677000000000049e+01 7.053720000000000212e+00
4.090518999999999778e+03 1.314142999999999972e+01 7.059420000000000250e+00
4.077726999999999862e+03 1.315610000000000035e+01 7.065120000000000289e+00
4.064934999999999945e+03 1.317077000000000098e+01 7.070810000000000706e+00
4.052143000000000029e+03 1.318545000000000122e+01 7.076500000000000234e+00
4.039351000000000113e+03 1.320012999999999970e+01 7.082189999999999763e+00
4.026557999999999993e+03 1.321481999999999957e+01 7.087880000000000180e+00
4.013766000000000076e+03 1.322950999999999944e+01 7.093569999999999709e+00
4.000974000000000160e+03 1.324421999999999855e+01 7.099260000000000126e+00
3.988181999999999789e+03 1.325892999999999944e+01 7.104940000000000033e+00
3.975389999999999873e+03 1.327365999999999957e+01 7.110630000000000450e+00
3.962597000000000207e+03 1.328839999999999932e+01 7.116319999999999979e+00
3.949804999999999836e+03 1.330315000000000047e+01 7.122010000000000396e+00
3.937012999999999920e+03 1.331792000000000087e+01 7.127699999999999925e+00
3.924221000000000004e+03 1.333270999999999873e+01 7.133390000000000342e+00
3.911429000000000087e+03 1.334750999999999976e+01 7.139079999999999870e+00
3.898635999999999967e+03 1.336233999999999966e+01 7.144779999999999909e+00
3.885844000000000051e+03 1.337718000000000096e+01 7.150479999999999947e+00
3.873052000000000135e+03 1.339204999999999934e+01 7.156189999999999607e+00
3.860260000000000218e+03 1.340694000000000052e+01 7.161899999999999267e+00
3.847467999999999847e+03 1.342185000000000095e+01 7.167609999999999815e+00
3.834675000000000182e+03 1.343679000000000023e+01 7.173329999999999984e+00
3.821882999999999811e+03 1.345176000000000016e+01 7.179060000000000663e+00
3.809090999999999894e+03 1.346676000000000073e+01 7.184789999999999566e+00
3.796298999999999978e+03 1.348178000000000054e+01 7.190529999999999866e+00
3.783505999999999858e+03 1.349684000000000061e+01 7.196270000000000167e+00
3.770713999999999942e+03 1.351192999999999955e+01 7.202020000000000088e+00
3.757922000000000025e+03 1.352704999999999913e+01 7.207790000000000141e+00
3.745130000000000109e+03 1.354220999999999897e+01 7.213550000000000573e+00
3.732338000000000193e+03 1.355740999999999907e+01 7.219330000000000247e+00
3.719545000000000073e+03 1.357263999999999982e+01 7.225119999999999543e+00
3.706753000000000156e+03 1.358790999999999904e+01 7.230920000000000236e+00
3.693960999999999785e+03 1.360321999999999854e+01 7.236720000000000041e+00
3.681168999999999869e+03 1.361857000000000006e+01 7.242539999999999978e+00
3.668376999999999953e+03 1.363396999999999970e+01 7.248369999999999536e+00
3.655583999999999833e+03 1.364940999999999960e+01 7.254209999999999603e+00
3.642791999999999916e+03 1.366488999999999976e+01 7.260060000000000180e+00
3.630000000000000000e+03 1.368041999999999980e+01 7.265930000000000000e+00
3.630000000000000000e+03 1.368044000000000082e+01 7.265970000000000262e+00
3.616364000000000033e+03 1.368366999999999933e+01 7.265869999999999607e+00
3.602726999999999862e+03 1.368692000000000064e+01 7.265770000000000728e+00
3.589090999999999894e+03 1.369017000000000017e+01 7.265659999999999563e+00
3.575454999999999927e+03 1.369344000000000072e+01 7.265550000000000175e+00
3.561818000000000211e+03 1.369671999999999912e+01 7.265430000000000277e+00
3.548181999999999789e+03 1.369999999999999929e+01 7.265310000000000379e+00
3.534545000000000073e+03 1.370329999999999870e+01 7.265189999999999593e+00
3.520909000000000106e+03 1.370662000000000091e+01 7.265060000000000073e+00
3.507273000000000138e+03 1.370994000000000135e+01 7.264930000000000554e+00
3.493635999999999967e+03 1.371326999999999963e+01 7.264789999999999637e+00
3.480000000000000000e+03 1.371662000000000070e+01 7.264649999999999608e+00
3.480000000000000000e+03 8.064790000000000347e+00 0.000000000000000000e+00
3.467168000000000120e+03 8.086750000000000327e+00 0.000000000000000000e+00
3.454335000000000036e+03 8.108570000000000277e+00 0.000000000000000000e+00
3.441503000000000156e+03 8.130250000000000199e+00 0.000000000000000000e+00
3.428670000000000073e+03 8.151799999999999713e+00 0.000000000000000000e+00
3.415838000000000193e+03 8.173199999999999577e+00 0.000000000000000000e+00
3.403005999999999858e+03 8.194469999999999033e+00 0.000000000000000000e+00
3.390172999999999774e+03 8.215590000000000614e+00 0.000000000000000000e+00
3.377340999999999894e+03 8.236580000000000013e+00 0.000000000000000000e+00
3.364509000000000015e+03 8.257440000000000779e+00 0.000000000000000000e+00
3.351675999999999931e+03 8.278159999999999741e+00 0.000000000000000000e+00
3.338844000000000051e+03 8.298740000000000450e+00 0.000000000000000000e+00
3.326010999999999967e+03 8.319190000000000751e+00 0.000000000000000000e+00
3.313179000000000087e+03 8.339510000000000645e+00 0.000000000000000000e+00
3.300347000000000207e+03 8.359690000000000509e+00 0.000000000000000000e+00
3.287514000000000124e+03 8.379739999999999966e+00 0.000000000000000000e+00
3.274681999999999789e+03 8.399659999999999016e+00 0.000000000000000000e+00
3.261849000000000160e+03 8.419450000000001211e+00 0.000000000000000000e+00
3.249016999999999825e+03 8.439110000000001222e+00 0.000000000000000000e+00
3.236184999999999945e+03 8.458639999999999048e+00 0.000000000000000000e+00
3.223351999999999862e+03 8.478040000000000020e+00 0.000000000000000000e+00
3.210519999999999982e+03 8.497309999999998809e+00 0.000000000000000000e+00
3.197688000000000102e+03 8.516459999999998587e+00 0.000000000000000000e+00
3.184855000000000018e+03 8.535479999999999734e+00 0.000000000000000000e+00
3.172023000000000138e+03 8.554370000000000474e+00 0.000000000000000000e+00
3.159190000000000055e+03 8.573139999999998651e+00 0.000000000000000000e+00
3.146358000000000175e+03 8.591779999999999973e+00 0.000000000000000000e+00
3.133525999999999840e+03 8.610290000000000887e+00 0.000000000000000000e+00
3.120693000000000211e+03 8.628690000000000637e+00 0.000000000000000000e+00
3.107860999999999876e+03 8.646959999999999980e+00 0.000000000000000000e+00
3.095027999999999793e+03 8.665110000000000312e+00 0.000000000000000000e+00
3.082195999999999913e+03 8.683129999999998461e+00 0.000000000000000000e+00
3.069364000000000033e+03 8.701040000000000774e+00 0.000000000000000000e+00
3.056530999999999949e+03 8.718830000000000524e+00 0.000000000000000000e+00
3.043699000000000069e+03 8.736489999999999867e+00 0.000000000000000000e+00
3.030865999999999985e+03 8.754040000000001598e+00 0.000000000000000000e+00
3.018034000000000106e+03 8.771469999999998990e+00 0.000000000000000000e+00
3.005202000000000226e+03 8.788780000000000925e+00 0.000000000000000000e+00
2.992369000000000142e+03 8.805979999999999919e+00 0.000000000000000000e+00
2.979536999999999807e+03 8.823059999999999903e+00 0.000000000000000000e+00
2.966704999999999927e+03 8.840020000000000877e+00 0.000000000000000000e+00
2.953871999999999844e+03 8.856870000000000687e+00 0.000000000000000000e+00
2.941039999999999964e+03 8.873599999999999710e+00 0.000000000000000000e+00
2.928206999999999880e+03 8.890219999999999345e+00 0.000000000000000000e+00
2.915375000000000000e+03 8.906729999999999592e+00 0.000000000000000000e+00
2.902543000000000120e+03 8.923120000000000829e+00 0.000000000000000000e+00
2.889710000000000036e+03 8.939410000000000522e+00 0.000000000000000000e+00
2.876878000000000156e+03 8.955579999999999430e+00 0.000000000000000000e+00
2.864045000000000073e+03 8.971639999999998949e+00 0.000000000000000000e+00
2.851213000000000193e+03 8.987600000000000477e+00 0.000000000000000000e+00
2.838380999999999858e+03 9.003440000000001220e+00 0.000000000000000000e+00
2.825547999999999774e+03 9.019180000000000419e+00 0.000000000000000000e+00
2.812715999999999894e+03 9.034810000000000230e+00 0.000000000000000000e+00
2.799884000000000015e+03 9.050330000000000652e+00 0.000000000000000000e+00
2.787050999999999931e+03 9.065739999999999910e+00 0.000000000000000000e+00
2.774219000000000051e+03 9.081049999999999400e+00 0.000000000000000000e+00
2.761385999999999967e+03 9.096260000000000900e+00 0.000000000000000000e+00
2.748554000000000087e+03 9.111360000000001236e+00 0.000000000000000000e+00
2.735722000000000207e+03 9.126350000000000406e+00 0.000000000000000000e+00
2.722889000000000124e+03 9.141249999999999432e+00 0.000000000000000000e+00
2.710056999999999789e+03 9.156040000000000845e+00 0.000000000000000000e+00
2.697224000000000160e+03 9.170729999999998938e+00 0.000000000000000000e+00
2.684391999999999825e+03 9.185319999999999041e+00 0.000000000000000000e+00
2.671559999999999945e+03 9.199809999999999377e+00 0.000000000000000000e+00
2.658726999999999862e+03 9.214199999999999946e+00 0.000000000000000000e+00
2.645894999999999982e+03 9.228489999999998972e+00 0.000000000000000000e+00
2.633063000000000102e+03 9.242680000000000007e+00 0.000000000000000000e+00
2.620230000000000018e+03 9.256780000000000896e+00 0.000000000000000000e+00
2.607398000000000138e+03 9.270780000000000243e+00 0.000000000000000000e+00
2.594565000000000055e+03 9.284679999999999822e+00 0.000000000000000000e+00
2.581733000000000175e+03 9.298479999999999634e+00 0.000000000000000000e+00
2.568900999999999840e+03 9.312190000000001078e+00 0.000000000000000000e+00
2.556068000000000211e+03 9.325809999999998823e+00 0.000000000000000000e+00
2.543235999999999876e+03 9.339330000000000354e+00 0.000000000000000000e+00
2.530402999999999793e+03 9.352759999999999962e+00 0.000000000000000000e+00
2.517570999999999913e+03 9.366100000000001202e+00 0.000000000000000000e+00
2.504739000000000033e+03 9.379350000000000520e+00 0.000000000000000000e+00
2.491905999999999949e+03 9.392500000000000071e+00 0.000000000000000000e+00
2.479074000000000069e+03 9.405569999999999098e+00 0.000000000000000000e+00
2.466240999999999985e+03 9.418549999999999756e+00 0.000000000000000000e+00
2.453409000000000106e+03 9.431430000000000646e+00 0.000000000000000000e+00
2.440577000000000226e+03 9.444229999999999237e+00 0.000000000000000000e+00
2.427744000000000142e+03 9.456940000000001234e+00 0.000000000000000000e+00
2.414911999999999807e+03 9.469569999999999155e+00 0.000000000000000000e+00
2.402079999999999927e+03 9.482100000000000861e+00 0.000000000000000000e+00
2.389246999999999844e+03 9.494559999999999889e+00 0.000000000000000000e+00
2.376414999999999964e+03 9.506920000000000925e+00 0.000000000000000000e+00
2.363581999999999880e+03 9.519209999999999283e+00 0.000000000000000000e+00
2.350750000000000000e+03 9.531409999999999272e+00 0.000000000000000000e+00
2.337918000000000120e+03 9.543520000000000891e+00 0.000000000000000000e+00
2.325085000000000036e+03 9.555559999999999832e+00 0.000000000000000000e+00
2.312253000000000156e+03 9.567510000000000403e+00 0.000000000000000000e+00
2.299420000000000073e+03 9.579379999999998674e+00 0.000000000000000000e+00
2.286588000000000193e+03 9.591169999999999973e+00 0.000000000000000000e+00
2.273755999999999858e+03 9.602879999999998972e+00 0.000000000000000000e+00
2.260922999999999774e+03 9.614520000000000621e+00 0.000000000000000000e+00
2.248090999999999894e+03 9.626070000000000348e+00 0.000000000000000000e+00
2.235259000000000015e+03 9.637549999999999173e+00 0.000000000000000000e+00
2.222425999999999931e+03 9.648950000000001026e+00 0.000000000000000000e+00
2.209594000000000051e+03 9.660270000000000579e+00 0.000000000000000000e+00
2.196760999999999967e+03 9.671520000000001005e+00 0.000000000000000000e+00
2.183929000000000087e+03 9.682690000000000907e+00 0.000000000000000000e+00
2.171097000000000207e+03 9.693790000000001683e+00 0.000000000000000000e+00
2.158264000000000124e+03 9.704810000000000159e+00 0.000000000000000000e+00
2.145431999999999789e+03 9.715770000000000906e+00 0.000000000000000000e+00
2.132599000000000160e+03 9.726649999999999352e+00 0.000000000000000000e+00
2.119766999999999825e+03 9.737450000000000827e+00 0.000000000000000000e+00
2.106934999999999945e+03 9.748190000000001021e+00 0.000000000000000000e+00
2.094101999999999862e+03 9.758860000000000312e+00 0.000000000000000000e+00
2.081269999999999982e+03 9.769459999999998701e+00 0.000000000000000000e+00
2.068436999999999898e+03 9.779980000000000118e+00 0.000000000000000000e+00
2.055605000000000018e+03 9.790440000000000254e+00 0.000000000000000000e+00
2.042772999999999911e+03 9.800840000000000884e+00 0.000000000000000000e+00
2.029940000000000055e+03 9.811159999999999215e+00 0.000000000000000000e+00
2.017107999999999947e+03 9.821419999999999817e+00 0.000000000000000000e+00
2.004276000000000067e+03 9.831610000000001293e+00 0.000000000000000000e+00
1.991442999999999984e+03 9.841739999999999711e+00 0.000000000000000000e+00
1.978611000000000104e+03 9.851809999999998624e+00 0.000000000000000000e+00
1.965778000000000020e+03 9.861810000000000187e+00 0.000000000000000000e+00
1.952945999999999913e+03 9.871750000000000469e+00 0.000000000000000000e+00
1.940114000000000033e+03 9.881620000000001625e+00 0.000000000000000000e+00
1.927280999999999949e+03 9.891429999999999723e+00 0.000000000000000000e+00
1.914449000000000069e+03 9.901189999999999714e+00 0.000000000000000000e+00
1.901615999999999985e+03 9.910879999999998802e+00 0.000000000000000000e+00
1.888784000000000106e+03 9.920510000000000161e+00 0.000000000000000000e+00
1.875951999999999998e+03 9.930089999999999861e+00 0.000000000000000000e+00
1.863118999999999915e+03 9.939600000000000435e+00 0.000000000000000000e+00
1.850287000000000035e+03 9.949059999999999349e+00 0.000000000000000000e+00
1.837454999999999927e+03 9.958459999999998757e+00 0.000000000000000000e+00
1.824622000000000071e+03 9.967799999999998661e+00 0.000000000000000000e+00
1.811789999999999964e+03 9.977090000000000458e+00 0.000000000000000000e+00
1.798957000000000107e+03 9.986330000000000595e+00 0.000000000000000000e+00
1.786125000000000000e+03 9.995509999999999451e+00 0.000000000000000000e+00
1.773292999999999893e+03 1.000462999999999880e+01 0.000000000000000000e+00
1.760460000000000036e+03 1.001370000000000005e+01 0.000000000000000000e+00
1.747627999999999929e+03 1.002271999999999963e+01 0.000000000000000000e+00
1.734795000000000073e+03 1.003169000000000111e+01 0.000000000000000000e+00
1.721962999999999965e+03 1.004061000000000092e+01 0.000000000000000000e+00
1.709131000000000085e+03 1.004947999999999908e+01 0.000000000000000000e+00
1.696298000000000002e+03 1.005829999999999913e+01 0.000000000000000000e+00
1.683465999999999894e+03 1.006705999999999968e+01 0.000000000000000000e+00
1.670634000000000015e+03 1.007577999999999996e+01 0.000000000000000000e+00
1.657800999999999931e+03 1.008445999999999998e+01 0.000000000000000000e+00
1.644969000000000051e+03 1.009308000000000050e+01 0.000000000000000000e+00
1.632135999999999967e+03 1.010165999999999897e+01 0.000000000000000000e+00
1.619304000000000087e+03 1.011020000000000074e+01 0.000000000000000000e+00
1.606471999999999980e+03 1.011867999999999945e+01 0.000000000000000000e+00
1.593638999999999896e+03 1.012712999999999930e+01 0.000000000000000000e+00
1.580807000000000016e+03 1.013553000000000104e+01 0.000000000000000000e+00
1.567973999999999933e+03 1.014388999999999896e+01 0.000000000000000000e+00
1.555142000000000053e+03 1.015220000000000056e+01 0.000000000000000000e+00
1.542309999999999945e+03 1.016047999999999973e+01 0.000000000000000000e+00
1.529477000000000089e+03 1.016870999999999903e+01 0.000000000000000000e+00
1.516644999999999982e+03 1.017689999999999984e+01 0.000000000000000000e+00
1.503811999999999898e+03 1.018504999999999860e+01 0.000000000000000000e+00
1.490980000000000018e+03 1.019317000000000029e+01 0.000000000000000000e+00
1.478147999999999911e+03 1.020124000000000031e+01 0.000000000000000000e+00
1.465315000000000055e+03 1.020928000000000146e+01 0.000000000000000000e+00
1.452482999999999947e+03 1.021728000000000058e+01 0.000000000000000000e+00
1.439651000000000067e+03 1.022523999999999944e+01 0.000000000000000000e+00
1.426817999999999984e+03 1.023316999999999943e+01 0.000000000000000000e+00
1.413986000000000104e+03 1.024107000000000056e+01 0.000000000000000000e+00
1.401153000000000020e+03 1.024892999999999965e+01 0.000000000000000000e+00
1.388320999999999913e+03 1.025675000000000026e+01 0.000000000000000000e+00
1.375489000000000033e+03 1.026454000000000022e+01 0.000000000000000000e+00
1.362655999999999949e+03 1.027229999999999954e+01 0.000000000000000000e+00
1.349824000000000069e+03 1.028003000000000000e+01 0.000000000000000000e+00
1.336990999999999985e+03 1.028772999999999982e+01 0.000000000000000000e+00
1.324159000000000106e+03 1.029538999999999938e+01 0.000000000000000000e+00
1.311326999999999998e+03 1.030303000000000146e+01 0.000000000000000000e+00
1.298493999999999915e+03 1.031063999999999936e+01 0.000000000000000000e+00
1.285662000000000035e+03 1.031822000000000017e+01 0.000000000000000000e+00
1.272829999999999927e+03 1.032577000000000034e+01 0.000000000000000000e+00
1.259997000000000071e+03 1.033329999999999949e+01 0.000000000000000000e+00
1.247164999999999964e+03 1.034079999999999977e+01 0.000000000000000000e+00
1.234332000000000107e+03 1.034827000000000119e+01 0.000000000000000000e+00
1.221500000000000000e+03 1.035571999999999981e+01 0.000000000000000000e+00
1.221500000000000000e+03 1.102825999999999951e+01 3.504309999999999814e+00
1.208642000000000053e+03 1.103316000000000052e+01 3.507739999999999636e+00
1.195784000000000106e+03 1.103800999999999988e+01 3.511120000000000019e+00
1.182925999999999931e+03 1.104279999999999973e+01 3.514469999999999761e+00
1.170067999999999984e+03 1.104754999999999932e+01 3.517789999999999750e+00
1.157211000000000013e+03 1.105223999999999940e+01 3.521070000000000366e+00
1.144353000000000065e+03 1.105687999999999960e+01 3.524309999999999832e+00
1.131494999999999891e+03 1.106146999999999991e+01 3.527519999999999989e+00
1.118636999999999944e+03 1.106600000000000072e+01 3.530689999999999884e+00
1.105778999999999996e+03 1.107048999999999950e+01 3.533819999999999961e+00
1.092921000000000049e+03 1.107492000000000054e+01 3.536920000000000286e+00
1.080063000000000102e+03 1.107929999999999993e+01 3.539979999999999905e+00
1.067204999999999927e+03 1.108362999999999943e+01 3.543010000000000215e+00
1.054346999999999980e+03 1.108790999999999904e+01 3.545989999999999753e+00
1.041489000000000033e+03 1.109212999999999916e+01 3.548949999999999605e+00
1.028632000000000062e+03 1.109629999999999939e+01 3.551860000000000017e+00
1.015774000000000001e+03 1.110043000000000113e+01 3.554739999999999789e+00
1.002916000000000054e+03 1.110449999999999982e+01 3.557590000000000252e+00
9.900579999999999927e+02 1.110851000000000077e+01 3.560400000000000009e+00
9.772000000000000455e+02 1.111247999999999969e+01 3.563169999999999948e+00
9.643419999999999845e+02 1.111638999999999911e+01 3.565900000000000070e+00
9.514840000000000373e+02 1.112026000000000003e+01 3.568599999999999994e+00
9.386259999999999764e+02 1.112406999999999968e+01 3.571260000000000101e+00
9.257680000000000291e+02 1.112781999999999982e+01 3.573890000000000011e+00
9.129109999999999445e+02 1.113153000000000148e+01 3.576480000000000103e+00
9.000529999999999973e+02 1.113518999999999970e+01 3.579039999999999999e+00
8.871950000000000500e+02 1.113879000000000019e+01 3.581550000000000011e+00
8.743369999999999891e+02 1.114234000000000080e+01 3.584039999999999893e+00
8.614790000000000418e+02 1.114583999999999975e+01 3.586479999999999890e+00
8.486209999999999809e+02 1.114929000000000059e+01 3.588889999999999691e+00
8.357630000000000337e+02 1.115268000000000015e+01 3.591260000000000119e+00
8.229049999999999727e+02 1.115603000000000122e+01 3.593599999999999905e+00
8.100470000000000255e+02 1.115931999999999924e+01 3.595899999999999874e+00
7.971889999999999645e+02 1.116255999999999915e+01 3.598170000000000091e+00
7.843319999999999936e+02 1.116574999999999918e+01 3.600389999999999979e+00
7.714740000000000464e+02 1.116887999999999970e+01 3.602590000000000181e+00
7.586159999999999854e+02 1.117196999999999996e+01 3.604739999999999611e+00
7.457580000000000382e+02 1.117500000000000071e+01 3.606860000000000177e+00
7.328999999999999773e+02 1.117797999999999981e+01 3.608940000000000037e+00
7.200420000000000300e+02 1.118090999999999902e+01 3.610989999999999700e+00
7.071839999999999691e+02 1.118379000000000012e+01 3.612999999999999989e+00
6.943260000000000218e+02 1.118660999999999994e+01 3.614980000000000082e+00
6.814679999999999609e+02 1.118938999999999950e+01 3.616909999999999847e+00
6.686109999999999900e+02 1.119211000000000134e+01 3.618820000000000370e+00
6.557530000000000427e+02 1.119478000000000151e+01 3.620679999999999676e+00
6.428949999999999818e+02 1.119740000000000002e+01 3.622510000000000119e+00
6.300370000000000346e+02 1.119995999999999903e+01 3.624309999999999921e+00
6.171789999999999736e+02 1.120247999999999955e+01 3.626059999999999839e+00
6.043210000000000264e+02 1.120494000000000057e+01 3.627780000000000005e+00
5.914629999999999654e+02 1.120734999999999992e+01 3.629469999999999974e+00
5.786050000000000182e+02 1.120970999999999940e+01 3.631119999999999681e+00
5.657469999999999573e+02 1.121202000000000076e+01 3.632730000000000015e+00
5.528890000000000100e+02 1.121427000000000085e+01 3.634310000000000151e+00
5.400320000000000391e+02 1.121647999999999890e+01 3.635839999999999961e+00
5.271739999999999782e+02 1.121862999999999921e+01 3.637350000000000083e+00
5.143160000000000309e+02 1.122072999999999965e+01 3.638819999999999943e+00
5.014580000000000268e+02 1.122277000000000058e+01 3.640249999999999986e+00
4.886000000000000227e+02 1.122477000000000125e+01 3.641639999999999766e+00
4.757420000000000186e+02 1.122670999999999886e+01 3.642999999999999794e+00
4.628840000000000146e+02 1.122860999999999976e+01 3.644320000000000004e+00
4.500260000000000105e+02 1.123045000000000115e+01 3.645610000000000017e+00
4.371680000000000064e+02 1.123223999999999911e+01 3.646860000000000213e+00
4.243109999999999786e+02 1.123396999999999935e+01 3.648070000000000146e+00
4.114529999999999745e+02 1.123565999999999931e+01 3.649249999999999883e+00
3.985950000000000273e+02 1.123729000000000156e+01 3.650389999999999802e+00
3.857370000000000232e+02 1.123887000000000036e+01 3.651499999999999968e+00
3.728790000000000191e+02 1.124039999999999928e+01 3.652570000000000316e+00
3.600210000000000150e+02 1.124187999999999832e+01 3.653599999999999959e+00
3.471630000000000109e+02 1.124329999999999963e+01 3.654590000000000227e+00
3.343050000000000068e+02 1.124468000000000067e+01 3.655550000000000299e+00
3.214470000000000027e+02 1.124600000000000044e+01 3.656480000000000175e+00
3.085889999999999986e+02 1.124727000000000032e+01 3.657369999999999788e+00
2.957320000000000277e+02 1.124849000000000032e+01 3.658219999999999583e+00
2.828740000000000236e+02 1.124964999999999904e+01 3.659030000000000005e+00
2.700160000000000196e+02 1.125077000000000105e+01 3.659809999999999786e+00
2.571580000000000155e+02 1.125183000000000000e+01 3.660550000000000193e+00
2.443000000000000114e+02 1.125284000000000084e+01 3.661260000000000403e+00
2.314420000000000073e+02 1.125380000000000003e+01 3.661929999999999907e+00
2.185840000000000032e+02 1.125470999999999933e+01 3.662560000000000038e+00
2.057259999999999991e+02 1.125555999999999912e+01 3.663159999999999972e+00
1.928679999999999950e+02 1.125637000000000043e+01 3.663719999999999644e+00
1.800109999999999957e+02 1.125712000000000046e+01 3.664250000000000007e+00
1.671529999999999916e+02 1.125781999999999883e+01 3.664739999999999664e+00
1.542949999999999875e+02 1.125846999999999909e+01 3.665189999999999948e+00
1.414370000000000118e+02 1.125905999999999985e+01 3.665610000000000035e+00
1.285790000000000077e+02 1.125961000000000034e+01 3.665989999999999860e+00
1.157210000000000036e+02 1.126009999999999955e+01 3.666329999999999867e+00
1.028629999999999995e+02 1.126054000000000066e+01 3.666639999999999677e+00
9.000499999999999545e+01 1.126093000000000011e+01 3.666909999999999670e+00
7.714700000000000557e+01 1.126126999999999967e+01 3.667149999999999910e+00
6.428900000000000148e+01 1.126154999999999973e+01 3.667349999999999888e+00
5.143200000000000216e+01 1.126179000000000130e+01 3.667510000000000048e+00
3.857399999999999807e+01 1.126196999999999981e+01 3.667640000000000011e+00
2.571600000000000108e+01 1.126210000000000022e+01 3.667730000000000157e+00
1.285800000000000054e+01 1.126216999999999935e+01 3.667780000000000040e+00
0.000000000000000000e+00 1.126219999999999999e+01 3.667800000000000171e+00
